         146
          41
          66
          25
         211
         224
          46
         249
         180
         168
         173
         254
          86
          96
         226
         207
          78
         181
         150
         152
         152
          68
         127
         238
         251
          47
         126
          65
         139
           8
         123
         159
         111
         189
         225
         232
          93
          20
         193
         237
         116
         134
         154
          92
          67
          62
          90
          44
         136
          73
         118
         167
         229
         127
         104
         237
          40
          25
          84
          70
         142
         137
          13
          45
          26
          26
         140
         167
         102
          55
         176
         131
          60
         195
         244
         224
         217
           1
         125
          85
         219
         102
          87
          18
         231
         105
           0
         249
          54
         177
          87
          14
         163
         136
           4
         118
          65
          95
         152
         117
         146
         226
          42
          69
         246
         168
          79
         112
          59
         177
          49
           3
          22
         100
         251
          23
          18
          20
         141
          19
         172
          51
         228
         160
         186
          94
          68
         190
         234
          22
         150
         231
         247
          60
          54
         195
         212
         254
         237
         189
         148
         145
         156
          91
         240
         152
         173
         190
         156
          98
